443
1048
1079
1083
1103
1079
1098
1083
32
1089
1080
32
1085
1072
32
1088
1072
1079
1093
1086
1076
1082
1072
32
1074
32
1087
1088
1080
1082
1072
1079
1085
1080
1103
32
1089
1074
1103
1090
46
13
10
1051
1086
1096
1086
1090
1086
32
1077
44
32
1095
1077
32
1089
1077
32
1079
1072
1075
1091
1073
1080
32
1080
32
1085
1077
32
1084
1086
1078
1077
1096
32
1076
1072
32
1085
1072
1084
1077
1088
1080
1096
32
13
10
1087
1098
1090
1103
32
1082
1098
1084
32
1076
1074
1086
1088
1077
1094
1072
46
32
1048
1084
1072
1096
32
1084
1077
1095
44
32
1089
32
1082
1086
1081
1090
1086
32
1076
1072
32
1089
1077
32
13
10
1079
1072
1097
1080
1090
1072
1074
1072
1096
32
1086
1090
32
1087
1088
1080
1082
1072
1079
1085
1080
1090
1077
32
1089
1098
1097
1077
1089
1090
1074
1072
46
32
1057
32
1084
1077
1095
1072
13
10
1084
1086
1078
1077
1096
32
1076
1072
32
1089
1080
32
1087
1088
1086
1087
1088
1072
1074
1080
1096
32
1087
1098
1090
32
1080
32
1087
1088
1077
1079
32
1076
1098
1088
1074
1077
1090
1072
1090
1072
13
10
1080
32
1089
1082
1072
1083
1080
1090
1077
32
1087
1086
32
1087
1098
1090
1103
46
32
1055
1086
1085
1103
1082
1086
1075
1072
32
1074
32
1080
1075
1088
1072
1090
1072
32
1089
1077
32
1087
1086
1103
1074
1103
1074
1072
13
10
1080
32
1083
1077
1082
1072
1088
1089
1090
1074
1086
44
32
1082
1086
1077
1090
1086
32
1076
1072
32
1080
1079
1087
1086
1083
1079
1074
1072
1096
32
1072
1082
1086
32
1089
1080
32
1088
1072
1085
1077
1085
46
13
10
1052
1086
1078
1077
1096
32
1076
1072
32
1084
1080
1085
1077
1096
32
1085
1072
32
1089
1083
1077
1076
1074
1072
1097
1086
32
1084
1103
1089
1090
1086
32
1074
32
1080
1075
1088
1072
1090
1072
32
1082
1072
1090
1086
13
10
1080
1079
1087
1086
1083
1079
1074
1072
1096
32
1087
1086
1088
1090
1072
1083
1072
44
32
1087
1086
1103
1074
1103
1074
1072
1097
32
1089
1077
32
1085
1072
1081
45
1086
1090
1075
1086
1088
1077
46
13
10
1053
1072
1084
1077
1088
1080
32
1079
1072
1084
1098
1082
1072
32
1080
32
1089
1077
32
1087
1088
1080
1073
1077
1088
1080
32
1091
32
1076
1086
1084
1072
32
33
32
0
